   4.2923517e+04   2.2310000e+01   1.8536653e+02
   4.2923518e+04   2.2260000e+01   2.2772267e+02
   4.2923519e+04   2.2230000e+01   2.3811963e+02
   4.2923519e+04   2.2270000e+01   2.0444845e+02
   4.2923520e+04   2.2170000e+01   1.9297898e+02
   4.2923521e+04   2.2230000e+01   2.1155175e+02
   4.2923522e+04   2.2260000e+01   2.2627586e+02
   4.2923522e+04   2.2300000e+01   2.2209249e+02
   4.2923523e+04   2.2250000e+01   1.8851824e+02
   4.2923524e+04   2.2330000e+01   2.1747314e+02
   4.2923525e+04   2.2300000e+01   1.9949901e+02
   4.2923526e+04   2.2070000e+01   1.7925114e+02
   4.2923526e+04   2.2230000e+01   2.2876308e+02
   4.2923527e+04   2.2270000e+01   2.3609392e+02
   4.2923527e+04   2.2300000e+01   2.0260528e+02
   4.2923527e+04   2.2310000e+01   1.8735037e+02
   4.2923528e+04   2.2330000e+01   2.0935269e+02
   4.2923528e+04   2.2340000e+01   2.2536099e+02
   4.2923528e+04   2.2320000e+01   2.2042162e+02
   4.2923529e+04   2.2370000e+01   1.8393978e+02
   4.2923529e+04   2.2350000e+01   2.1566354e+02
   4.2923530e+04   2.2380000e+01   1.9280035e+02
   4.2923532e+04   2.2230000e+01   1.7471393e+02
   4.2923533e+04   2.2270000e+01   2.2833202e+02
   4.2923533e+04   2.2250000e+01   2.3466402e+02
   4.2923534e+04   2.2100000e+01   2.0110837e+02
   4.2923534e+04   2.2200000e+01   1.8646424e+02
   4.2923535e+04   2.2270000e+01   2.1001887e+02
   4.2923535e+04   2.2320000e+01   2.2427083e+02
   4.2923536e+04   2.2290000e+01   2.1963188e+02
   4.2923536e+04   2.2320000e+01   1.7835128e+02
   4.2923536e+04   2.2340000e+01   2.1397290e+02
   4.2923537e+04   2.2350000e+01   1.8384509e+02
   4.2923540e+04   2.2270000e+01   1.7161624e+02
   4.2923540e+04   2.2310000e+01   2.2673323e+02
   4.2923540e+04   2.2310000e+01   2.3485562e+02
   4.2923540e+04   2.2340000e+01   1.9779971e+02
   4.2923541e+04   2.2340000e+01   1.8208861e+02
   4.2923541e+04   2.2380000e+01   2.0925313e+02
   4.2923542e+04   2.2390000e+01   2.1889217e+02
   4.2923542e+04   2.2410000e+01   1.7441418e+02
   4.2923543e+04   2.2340000e+01   2.2331786e+02
   4.2923543e+04   2.2340000e+01   2.2090179e+02
   4.2923544e+04   2.2390000e+01   1.7522818e+02
   4.2923544e+04   2.2440000e+01   2.1307363e+02
   4.2923545e+04   2.2380000e+01   1.7395821e+02
   4.2923546e+04   2.2350000e+01   1.6864543e+02
   4.2923547e+04   2.2310000e+01   2.2628081e+02
   4.2923547e+04   2.2330000e+01   2.3522124e+02
   4.2923547e+04   2.2370000e+01   1.9576101e+02
   4.2923548e+04   2.2340000e+01   1.7919256e+02
   4.2923548e+04   2.2370000e+01   2.0944832e+02
   4.2923548e+04   2.2380000e+01   2.2336354e+02
   4.2923549e+04   2.2390000e+01   2.2040465e+02
   4.2923550e+04   2.2300000e+01   1.7267432e+02
   4.2923551e+04   2.2380000e+01   2.1279511e+02
   4.2923551e+04   2.2390000e+01   1.7426478e+02
   4.2923554e+04   2.2350000e+01   1.6535261e+02
   4.2923555e+04   2.2410000e+01   2.2594781e+02
   4.2923555e+04   2.2410000e+01   2.3397371e+02
   4.2923555e+04   2.2430000e+01   1.9377849e+02
   4.2923556e+04   2.2430000e+01   1.7612466e+02
   4.2923556e+04   2.2350000e+01   2.1064211e+02
   4.2923556e+04   2.2420000e+01   2.2277518e+02
   4.2923557e+04   2.2450000e+01   2.1772293e+02
   4.2923557e+04   2.2410000e+01   1.6766306e+02
   4.2923557e+04   2.2450000e+01   2.1190161e+02
   4.2923558e+04   2.2510000e+01   1.7057618e+02
   4.2923561e+04   2.2270000e+01   1.6144314e+02
   4.2923561e+04   2.2320000e+01   2.2634642e+02
   4.2923562e+04   2.2320000e+01   2.3395641e+02
   4.2923562e+04   2.2330000e+01   1.9349469e+02
   4.2923563e+04   2.2350000e+01   1.7429154e+02
   4.2923563e+04   2.2390000e+01   2.0884439e+02
   4.2923563e+04   2.2400000e+01   2.2212051e+02
   4.2923564e+04   2.2400000e+01   2.1755703e+02
   4.2923564e+04   2.2440000e+01   1.6307538e+02
   4.2923564e+04   2.2400000e+01   2.1174392e+02
   4.2923565e+04   2.2420000e+01   1.6521385e+02
   4.2923568e+04   2.2250000e+01   1.5896249e+02
   4.2923569e+04   2.2370000e+01   2.2663214e+02
   4.2923569e+04   2.2330000e+01   2.3510811e+02
   4.2923570e+04   2.2400000e+01   1.9082622e+02
   4.2923570e+04   2.2390000e+01   1.7033966e+02
   4.2923570e+04   2.2400000e+01   2.0859168e+02
   4.2923571e+04   2.2400000e+01   2.2086377e+02
   4.2923571e+04   2.2360000e+01   2.1708582e+02
   4.2923572e+04   2.2410000e+01   1.5835281e+02
   4.2923572e+04   2.2400000e+01   2.1123076e+02
   4.2923572e+04   2.2350000e+01   1.5921797e+02
   4.2923575e+04   2.2290000e+01   1.5559775e+02
   4.2923576e+04   2.2350000e+01   2.2525498e+02
   4.2923576e+04   2.2370000e+01   2.3419081e+02
   4.2923576e+04   2.2420000e+01   1.8879122e+02
   4.2923577e+04   2.2440000e+01   1.6824628e+02
   4.2923577e+04   2.2450000e+01   2.0826024e+02
   4.2923577e+04   2.2480000e+01   2.1970411e+02
   4.2923578e+04   2.2440000e+01   2.1568539e+02
   4.2923578e+04   2.2480000e+01   1.5521900e+02
   4.2923579e+04   2.2450000e+01   2.1093447e+02
   4.2923579e+04   2.2500000e+01   1.5472761e+02
   4.2923583e+04   2.2230000e+01   1.5185432e+02
   4.2923583e+04   2.2350000e+01   2.2455030e+02
   4.2923584e+04   2.2380000e+01   2.3419277e+02
   4.2923584e+04   2.2440000e+01   1.8701913e+02
   4.2923585e+04   2.2420000e+01   1.6463436e+02
   4.2923585e+04   2.2420000e+01   2.0787478e+02
   4.2923585e+04   2.2430000e+01   2.2015758e+02
   4.2923586e+04   2.2440000e+01   2.1517995e+02
   4.2923586e+04   2.2480000e+01   1.5165570e+02
   4.2923587e+04   2.2500000e+01   2.0993287e+02
   4.2923587e+04   2.2470000e+01   1.4986217e+02
   4.2923590e+04   2.2430000e+01   1.4749432e+02
   4.2923590e+04   2.2430000e+01   2.2334695e+02
   4.2923590e+04   2.2410000e+01   2.3207193e+02
   4.2923591e+04   2.2380000e+01   1.8555165e+02
   4.2923591e+04   2.2390000e+01   1.6089464e+02
   4.2923591e+04   2.2420000e+01   2.0808734e+02
   4.2923592e+04   2.2470000e+01   2.1945472e+02
   4.2923592e+04   2.2430000e+01   2.1526051e+02
   4.2923592e+04   2.2460000e+01   1.4777525e+02
   4.2923593e+04   2.2360000e+01   2.0995619e+02
   4.2923593e+04   2.2420000e+01   1.4737128e+02
   4.2923597e+04   2.2120000e+01   1.4437395e+02
   4.2923598e+04   2.2280000e+01   2.2428881e+02
   4.2923598e+04   2.2310000e+01   2.3201034e+02
   4.2923599e+04   2.2320000e+01   1.8243697e+02
   4.2923599e+04   2.2380000e+01   1.5823917e+02
   4.2923599e+04   2.2360000e+01   2.0670470e+02
   4.2923600e+04   2.2310000e+01   2.2040034e+02
   4.2923600e+04   2.2390000e+01   2.1427355e+02
   4.2923600e+04   2.2370000e+01   1.4345956e+02
   4.2923601e+04   2.2430000e+01   2.0800957e+02
   4.2923601e+04   2.2350000e+01   1.4276922e+02
   4.2923604e+04   2.2250000e+01   1.4017528e+02
   4.2923604e+04   2.2270000e+01   2.2337614e+02
   4.2923605e+04   2.2350000e+01   2.3126254e+02
   4.2923605e+04   2.2300000e+01   1.8068400e+02
   4.2923606e+04   2.2310000e+01   1.5596903e+02
   4.2923606e+04   2.2340000e+01   2.0687856e+02
   4.2923606e+04   2.2350000e+01   2.1920002e+02
   4.2923607e+04   2.2310000e+01   2.1375311e+02
   4.2923607e+04   2.2320000e+01   1.4050595e+02
   4.2923608e+04   2.2330000e+01   2.0768671e+02
   4.2923608e+04   2.2380000e+01   1.3857805e+02
   4.2923611e+04   2.2380000e+01   1.3630903e+02
   4.2923611e+04   2.2360000e+01   2.2334066e+02
   4.2923612e+04   2.2350000e+01   2.3026896e+02
   4.2923612e+04   2.2400000e+01   1.7766279e+02
   4.2923612e+04   2.2420000e+01   1.5200585e+02
   4.2923613e+04   2.2360000e+01   2.0706919e+02
   4.2923614e+04   2.2370000e+01   2.1749466e+02
   4.2923614e+04   2.2400000e+01   2.1351265e+02
   4.2923615e+04   2.2390000e+01   1.3564636e+02
   4.2923615e+04   2.2400000e+01   2.0693241e+02
   4.2923616e+04   2.2420000e+01   1.3477310e+02
   4.2923618e+04   2.2340000e+01   1.3277534e+02
   4.2923618e+04   2.2400000e+01   2.2195241e+02
   4.2923619e+04   2.2390000e+01   2.3047350e+02
   4.2923619e+04   2.2460000e+01   1.7563103e+02
   4.2923620e+04   2.2470000e+01   1.4951348e+02
   4.2923620e+04   2.2470000e+01   2.0551368e+02
   4.2923620e+04   2.2470000e+01   2.1721216e+02
   4.2923621e+04   2.2450000e+01   2.1367281e+02
   4.2923622e+04   2.2480000e+01   1.3261732e+02
   4.2923622e+04   2.2530000e+01   2.0665752e+02
   4.2923623e+04   2.2570000e+01   1.3141861e+02
   4.2923626e+04   2.2340000e+01   1.2867571e+02
   4.2923626e+04   2.2420000e+01   2.2275408e+02
   4.2923626e+04   2.2490000e+01   2.3022576e+02
   4.2923627e+04   2.2510000e+01   1.7236939e+02
   4.2923627e+04   2.2530000e+01   1.4710199e+02
   4.2923628e+04   2.2510000e+01   2.0671588e+02
   4.2923628e+04   2.2520000e+01   2.1770606e+02
   4.2923629e+04   2.2510000e+01   2.1281508e+02
   4.2923629e+04   2.2470000e+01   1.2951637e+02
   4.2923630e+04   2.2520000e+01   2.0783233e+02
   4.2923630e+04   2.2470000e+01   1.2831887e+02
   4.2923632e+04   2.2340000e+01   1.2550577e+02
   4.2923633e+04   2.2410000e+01   2.2400272e+02
   4.2923633e+04   2.2370000e+01   2.3237656e+02
   4.2923634e+04   2.2330000e+01   1.7266542e+02
   4.2923634e+04   2.2320000e+01   1.4507409e+02
   4.2923635e+04   2.2340000e+01   2.0814936e+02
   4.2923635e+04   2.2360000e+01   2.1917979e+02
   4.2923636e+04   2.2420000e+01   2.1459526e+02
   4.2923636e+04   2.2370000e+01   1.2612887e+02
   4.2923636e+04   2.2380000e+01   2.0890309e+02
   4.2923637e+04   2.2320000e+01   1.2486110e+02
   4.2923640e+04   2.2270000e+01   1.2180520e+02
   4.2923640e+04   2.2320000e+01   2.2482475e+02
   4.2923640e+04   2.2270000e+01   2.3120600e+02
   4.2923641e+04   2.2330000e+01   1.7022236e+02
   4.2923641e+04   2.2320000e+01   1.4222058e+02
   4.2923642e+04   2.2330000e+01   2.0799538e+02
   4.2923642e+04   2.2320000e+01   2.2046322e+02
   4.2923643e+04   2.2330000e+01   2.1635245e+02
   4.2923643e+04   2.2360000e+01   1.2237228e+02
   4.2923644e+04   2.2360000e+01   2.0935133e+02
   4.2923644e+04   2.2360000e+01   1.2155335e+02
   4.2923646e+04   2.2350000e+01   1.1816253e+02
   4.2923646e+04   2.2400000e+01   2.2359841e+02
   4.2923647e+04   2.2300000e+01   2.3163132e+02
   4.2923647e+04   2.2330000e+01   1.6579559e+02
   4.2923648e+04   2.2400000e+01   1.3873544e+02
   4.2923648e+04   2.2440000e+01   2.0831872e+02
   4.2923649e+04   2.2430000e+01   2.1941083e+02
   4.2923649e+04   2.2450000e+01   2.1522055e+02
   4.2923650e+04   2.2380000e+01   1.1817000e+02
   4.2923650e+04   2.2410000e+01   2.1032647e+02
   4.2923651e+04   2.2420000e+01   1.1864943e+02
   4.2923653e+04   2.2270000e+01   1.1385173e+02
   4.2923654e+04   2.2310000e+01   2.2247156e+02
   4.2923654e+04   2.2320000e+01   2.3077149e+02
   4.2923655e+04   2.2310000e+01   1.6290455e+02
   4.2923655e+04   2.2410000e+01   1.3556916e+02
   4.2923656e+04   2.2370000e+01   2.0737618e+02
   4.2923656e+04   2.2390000e+01   2.1854187e+02
   4.2923656e+04   2.2490000e+01   2.1499954e+02
   4.2923657e+04   2.2440000e+01   1.1310063e+02
   4.2923658e+04   2.2440000e+01   2.0812517e+02
   4.2923658e+04   2.2470000e+01   1.1481135e+02
   4.2923660e+04   2.2280000e+01   1.1013042e+02
   4.2923661e+04   2.2390000e+01   2.2292036e+02
   4.2923661e+04   2.2360000e+01   2.3161881e+02
   4.2923662e+04   2.2380000e+01   1.5966644e+02
   4.2923662e+04   2.2400000e+01   1.3262714e+02
   4.2923663e+04   2.2370000e+01   2.0685744e+02
   4.2923663e+04   2.2420000e+01   2.1914142e+02
   4.2923664e+04   2.2380000e+01   2.1413310e+02
   4.2923664e+04   2.2450000e+01   1.0890354e+02
   4.2923665e+04   2.2480000e+01   2.0769852e+02
   4.2923665e+04   2.2440000e+01   1.1084913e+02
   4.2923668e+04   2.2290000e+01   1.0502186e+02
   4.2923669e+04   2.2370000e+01   2.2224436e+02
   4.2923669e+04   2.2400000e+01   2.2867589e+02
   4.2923670e+04   2.2450000e+01   1.5450378e+02
   4.2923670e+04   2.2370000e+01   1.2871762e+02
   4.2923671e+04   2.2370000e+01   2.0630211e+02
   4.2923671e+04   2.2280000e+01   2.1806583e+02
   4.2923672e+04   2.2300000e+01   2.1423372e+02
   4.2923672e+04   2.2380000e+01   1.0316831e+02
   4.2923673e+04   2.2330000e+01   2.0741711e+02
   4.2923673e+04   2.2310000e+01   1.0770505e+02
   4.2923675e+04   2.2330000e+01   1.0033585e+02
   4.2923676e+04   2.2340000e+01   2.2220015e+02
   4.2923676e+04   2.2280000e+01   2.2984130e+02
   4.2923677e+04   2.2280000e+01   1.5142907e+02
   4.2923677e+04   2.2240000e+01   1.2632133e+02
   4.2923678e+04   2.2340000e+01   2.0527543e+02
   4.2923678e+04   2.2320000e+01   2.1694225e+02
   4.2923679e+04   2.2310000e+01   2.1413340e+02
   4.2923679e+04   2.2300000e+01   9.9194132e+01
   4.2923680e+04   2.2260000e+01   2.0688442e+02
   4.2923680e+04   2.2220000e+01   1.0468320e+02
   4.2923682e+04   2.2230000e+01   9.6014533e+01
   4.2923683e+04   2.2280000e+01   2.2081531e+02
   4.2923683e+04   2.2340000e+01   2.2947667e+02
   4.2923684e+04   2.2300000e+01   1.4702531e+02
   4.2923684e+04   2.2250000e+01   1.2229494e+02
   4.2923685e+04   2.2280000e+01   2.0564156e+02
   4.2923685e+04   2.2300000e+01   2.1614922e+02
   4.2923686e+04   2.2280000e+01   2.1423397e+02
   4.2923686e+04   2.2300000e+01   9.4822068e+01
   4.2923687e+04   2.2300000e+01   2.0674721e+02
   4.2923687e+04   2.2220000e+01   1.0104784e+02
   4.2923690e+04   2.2270000e+01   9.1483388e+01
   4.2923690e+04   2.2340000e+01   2.2100613e+02
   4.2923690e+04   2.2320000e+01   2.2934246e+02
   4.2923691e+04   2.2310000e+01   1.4307867e+02
   4.2923691e+04   2.2340000e+01   1.1877169e+02
   4.2923691e+04   2.2310000e+01   2.0335287e+02
   4.2923692e+04   2.2330000e+01   2.1485629e+02
   4.2923692e+04   2.2350000e+01   2.1271597e+02
   4.2923693e+04   2.2390000e+01   9.0027928e+01
   4.2923694e+04   2.2330000e+01   2.0620939e+02
   4.2923694e+04   2.2300000e+01   9.7509439e+01
   4.2923697e+04   2.2280000e+01   8.7466896e+01
   4.2923697e+04   2.2240000e+01   2.1992016e+02
   4.2923698e+04   2.2280000e+01   2.2709706e+02
   4.2923698e+04   2.2340000e+01   1.3841722e+02
   4.2923698e+04   2.2370000e+01   1.1454508e+02
   4.2923699e+04   2.2380000e+01   2.0328995e+02
   4.2923699e+04   2.2350000e+01   2.1455461e+02
   4.2923700e+04   2.2430000e+01   2.1180284e+02
   4.2923700e+04   2.2300000e+01   8.4811571e+01
   4.2923701e+04   2.2370000e+01   2.0481786e+02
   4.2923701e+04   2.2300000e+01   9.4766861e+01
   4.2923704e+04   2.2320000e+01   8.2652739e+01
   4.2923705e+04   2.2260000e+01   2.1913497e+02
   4.2923705e+04   2.2220000e+01   2.2659497e+02
   4.2923706e+04   2.2280000e+01   1.3322829e+02
   4.2923706e+04   2.2260000e+01   1.1143138e+02
   4.2923706e+04   2.2290000e+01   2.0327989e+02
   4.2923707e+04   2.2260000e+01   2.1469587e+02
   4.2923707e+04   2.2340000e+01   2.1123229e+02
   4.2923708e+04   2.2340000e+01   7.9340879e+01
   4.2923708e+04   2.2330000e+01   2.0453736e+02
   4.2923709e+04   2.2330000e+01   9.1089839e+01
   4.2923711e+04   2.2280000e+01   7.8613296e+01
   4.2923712e+04   2.2280000e+01   2.1686025e+02
   4.2923712e+04   2.2280000e+01   2.2467200e+02
   4.2923713e+04   2.2300000e+01   1.2801031e+02
   4.2923713e+04   2.2340000e+01   1.0699597e+02
   4.2923714e+04   2.2300000e+01   2.0113703e+02
   4.2923714e+04   2.2300000e+01   2.1194398e+02
   4.2923714e+04   2.2310000e+01   2.1074173e+02
   4.2923715e+04   2.2290000e+01   7.4970750e+01
   4.2923715e+04   2.2440000e+01   2.0304099e+02
   4.2923716e+04   2.2470000e+01   8.7018473e+01
   4.2923718e+04   2.2280000e+01   7.3624011e+01
   4.2923719e+04   2.2280000e+01   2.1531990e+02
   4.2923719e+04   2.2290000e+01   2.2352569e+02
   4.2923720e+04   2.2270000e+01   1.2312095e+02
   4.2923720e+04   2.2330000e+01   1.0340240e+02
   4.2923721e+04   2.2340000e+01   2.0067043e+02
   4.2923721e+04   2.2290000e+01   2.1194429e+02
   4.2923722e+04   2.2290000e+01   2.1048757e+02
   4.2923722e+04   2.2220000e+01   6.9862291e+01
   4.2923723e+04   2.2290000e+01   2.0303634e+02
   4.2923723e+04   2.2270000e+01   8.4643957e+01
   4.2923725e+04   2.2160000e+01   6.9840452e+01
   4.2923726e+04   2.2150000e+01   2.1623119e+02
   4.2923726e+04   2.2220000e+01   2.2263460e+02
   4.2923727e+04   2.2250000e+01   1.1670089e+02
   4.2923727e+04   2.2230000e+01   9.9385837e+01
   4.2923728e+04   2.2250000e+01   1.9989058e+02
   4.2923728e+04   2.2230000e+01   2.0965037e+02
   4.2923729e+04   2.2150000e+01   2.1028023e+02
   4.2923729e+04   2.2180000e+01   6.3936619e+01
   4.2923730e+04   2.2240000e+01   2.0238820e+02
   4.2923730e+04   2.2270000e+01   8.1128884e+01
   4.2923732e+04   2.2280000e+01   6.5203609e+01
   4.2923733e+04   2.2320000e+01   2.1323395e+02
   4.2923733e+04   2.2270000e+01   2.2050257e+02
   4.2923734e+04   2.2290000e+01   1.1060469e+02
   4.2923734e+04   2.2310000e+01   9.5905238e+01
   4.2923735e+04   2.2290000e+01   1.9809685e+02
   4.2923735e+04   2.2280000e+01   2.0964749e+02
   4.2923736e+04   2.2270000e+01   2.0848245e+02
   4.2923736e+04   2.2260000e+01   5.8663533e+01
   4.2923737e+04   2.2280000e+01   2.0082529e+02
   4.2923737e+04   2.2310000e+01   7.7990869e+01
   4.2923739e+04   2.2260000e+01   6.1700789e+01
   4.2923739e+04   2.2320000e+01   2.1423354e+02
   4.2923740e+04   2.2240000e+01   2.2000308e+02
   4.2923741e+04   2.2270000e+01   1.0529225e+02
   4.2923741e+04   2.2270000e+01   9.2263794e+01
   4.2923742e+04   2.2350000e+01   1.9797965e+02
   4.2923742e+04   2.2290000e+01   2.0830703e+02
   4.2923743e+04   2.2340000e+01   2.0855579e+02
   4.2923743e+04   2.2280000e+01   5.2991207e+01
   4.2923744e+04   2.2310000e+01   2.0217532e+02
   4.2923744e+04   2.2260000e+01   7.5687101e+01
   4.2923746e+04   2.2240000e+01   5.7408209e+01
   4.2923747e+04   2.2300000e+01   2.1269710e+02
   4.2923748e+04   2.2310000e+01   2.2048354e+02
   4.2923748e+04   2.2340000e+01   9.8767572e+01
   4.2923749e+04   2.2330000e+01   8.8529634e+01
   4.2923749e+04   2.2330000e+01   1.9900144e+02
   4.2923750e+04   2.2380000e+01   2.0878658e+02
   4.2923750e+04   2.2380000e+01   2.0758744e+02
   4.2923751e+04   2.2330000e+01   4.7005733e+01
   4.2923752e+04   2.2390000e+01   2.0218571e+02
   4.2923752e+04   2.2420000e+01   7.1403581e+01
   4.2923762e+04   2.2200000e+01   4.8180602e+01
   4.2923762e+04   2.2230000e+01   2.1232244e+02
   4.2923763e+04   2.2190000e+01   2.1730827e+02
   4.2923763e+04   2.2250000e+01   8.6330152e+01
   4.2923764e+04   2.2180000e+01   8.0409472e+01
   4.2923765e+04   2.2230000e+01   1.9897873e+02
   4.2923765e+04   2.2210000e+01   2.0686943e+02
   4.2923766e+04   2.2170000e+01   2.0876073e+02
   4.2923766e+04   2.2220000e+01   3.3900473e+01
   4.2923767e+04   2.2250000e+01   2.0134670e+02
   4.2923767e+04   2.2240000e+01   6.5608858e+01
   4.2923778e+04   2.2160000e+01   3.8498043e+01
   4.2923779e+04   2.2200000e+01   2.0744600e+02
   4.2923780e+04   2.2120000e+01   2.1361897e+02
   4.2923780e+04   2.2220000e+01   6.8915566e+01
   4.2923781e+04   2.2200000e+01   6.9252390e+01
   4.2923782e+04   2.2200000e+01   1.9438318e+02
   4.2923782e+04   2.2170000e+01   2.0393155e+02
   4.2923783e+04   2.2240000e+01   2.0642676e+02
   4.2923783e+04   2.2120000e+01   1.8581071e+01
   4.2923784e+04   2.2110000e+01   1.9877873e+02
   4.2923784e+04   2.2110000e+01   5.8383274e+01
