   4.2926519e+04   2.2410000e+01   2.3016822e+02
   4.2926519e+04   2.2370000e+01   2.3184253e+02
   4.2926520e+04   2.2410000e+01   2.2813237e+02
   4.2926520e+04   2.2400000e+01   2.3047511e+02
   4.2926520e+04   2.2420000e+01   2.1955519e+02
   4.2926521e+04   2.2400000e+01   2.1477613e+02
   4.2926521e+04   2.2410000e+01   1.9838982e+02
   4.2926521e+04   2.2410000e+01   2.1505835e+02
   4.2926522e+04   2.2380000e+01   2.2527949e+02
   4.2926522e+04   2.2430000e+01   2.2981947e+02
   4.2926526e+04   2.2280000e+01   2.2975352e+02
   4.2926526e+04   2.2320000e+01   2.3063909e+02
   4.2926526e+04   2.2350000e+01   2.0760842e+02
   4.2926527e+04   2.2410000e+01   2.3138335e+02
   4.2926527e+04   2.2420000e+01   2.2057317e+02
   4.2926528e+04   2.2430000e+01   2.1860553e+02
   4.2926528e+04   2.2470000e+01   1.9441007e+02
   4.2926529e+04   2.2410000e+01   2.1140803e+02
   4.2926529e+04   2.2430000e+01   2.2140947e+02
   4.2926529e+04   2.2430000e+01   2.2519937e+02
   4.2926533e+04   2.2260000e+01   2.2935651e+02
   4.2926533e+04   2.2320000e+01   2.2971509e+02
   4.2926533e+04   2.2350000e+01   2.0670536e+02
   4.2926534e+04   2.2390000e+01   2.3215738e+02
   4.2926534e+04   2.2430000e+01   2.2111654e+02
   4.2926534e+04   2.2380000e+01   2.1806871e+02
   4.2926535e+04   2.2390000e+01   2.0020401e+02
   4.2926535e+04   2.2400000e+01   2.0917448e+02
   4.2926536e+04   2.2450000e+01   2.1926718e+02
   4.2926536e+04   2.2450000e+01   2.2584520e+02
   4.2926540e+04   2.2350000e+01   2.2893095e+02
   4.2926540e+04   2.2350000e+01   2.2719146e+02
   4.2926540e+04   2.2410000e+01   2.2044754e+02
   4.2926541e+04   2.2400000e+01   2.3227052e+02
   4.2926541e+04   2.2420000e+01   2.1881114e+02
   4.2926541e+04   2.2440000e+01   2.1459554e+02
   4.2926542e+04   2.2480000e+01   1.9175154e+02
   4.2926542e+04   2.2450000e+01   2.0966024e+02
   4.2926542e+04   2.2470000e+01   2.1854589e+02
   4.2926543e+04   2.2390000e+01   2.2547334e+02
   4.2926548e+04   2.2320000e+01   2.2729613e+02
   4.2926548e+04   2.2400000e+01   2.2784830e+02
   4.2926549e+04   2.2430000e+01   2.1186219e+02
   4.2926549e+04   2.2380000e+01   2.2967990e+02
   4.2926549e+04   2.2440000e+01   2.1870909e+02
   4.2926550e+04   2.2420000e+01   2.1174363e+02
   4.2926550e+04   2.2390000e+01   1.9192358e+02
   4.2926551e+04   2.2400000e+01   2.0837850e+02
   4.2926551e+04   2.2410000e+01   2.1615092e+02
   4.2926551e+04   2.2400000e+01   2.2279455e+02
   4.2926563e+04   2.2180000e+01   2.2734660e+02
   4.2926563e+04   2.2210000e+01   2.2750086e+02
   4.2926563e+04   2.2200000e+01   2.1546198e+02
   4.2926564e+04   2.2200000e+01   2.3013850e+02
   4.2926564e+04   2.2280000e+01   2.1612885e+02
   4.2926564e+04   2.2350000e+01   2.0814880e+02
   4.2926565e+04   2.2400000e+01   1.8657158e+02
   4.2926565e+04   2.2400000e+01   2.0591820e+02
   4.2926566e+04   2.2440000e+01   2.1395304e+02
   4.2926566e+04   2.2300000e+01   2.2276580e+02
   4.2926570e+04   2.2250000e+01   2.2756989e+02
   4.2926570e+04   2.2340000e+01   2.2660713e+02
   4.2926570e+04   2.2320000e+01   2.0357718e+02
   4.2926571e+04   2.2300000e+01   2.3132111e+02
   4.2926571e+04   2.2410000e+01   2.1532073e+02
   4.2926572e+04   2.2350000e+01   2.1077956e+02
   4.2926572e+04   2.2350000e+01   1.9154722e+02
   4.2926573e+04   2.2350000e+01   2.0693545e+02
   4.2926573e+04   2.2440000e+01   2.1429406e+02
   4.2926574e+04   2.2360000e+01   2.2296013e+02
   4.2926577e+04   2.2290000e+01   2.2714136e+02
   4.2926577e+04   2.2350000e+01   2.2729968e+02
   4.2926578e+04   2.2310000e+01   1.9314611e+02
   4.2926579e+04   2.2350000e+01   2.3106338e+02
   4.2926579e+04   2.2440000e+01   2.1568539e+02
   4.2926579e+04   2.2470000e+01   2.0880263e+02
   4.2926580e+04   2.2380000e+01   1.9178576e+02
   4.2926581e+04   2.2360000e+01   2.0683889e+02
   4.2926581e+04   2.2470000e+01   2.1277495e+02
   4.2926581e+04   2.2410000e+01   2.2404524e+02
   4.2926584e+04   2.2280000e+01   2.2701064e+02
   4.2926585e+04   2.2320000e+01   2.2859955e+02
   4.2926585e+04   2.2380000e+01   2.0235449e+02
   4.2926586e+04   2.2390000e+01   2.3267013e+02
   4.2926587e+04   2.2380000e+01   2.1665836e+02
   4.2926587e+04   2.2280000e+01   2.1168780e+02
   4.2926588e+04   2.2360000e+01   1.8257486e+02
   4.2926588e+04   2.2380000e+01   2.0611038e+02
   4.2926589e+04   2.2380000e+01   2.1345278e+02
   4.2926589e+04   2.2340000e+01   2.2476259e+02
   4.2926592e+04   2.2340000e+01   2.2516843e+02
   4.2926592e+04   2.2400000e+01   2.2732761e+02
   4.2926593e+04   2.2420000e+01   1.8882543e+02
   4.2926593e+04   2.2480000e+01   2.3048868e+02
   4.2926594e+04   2.2440000e+01   2.1657868e+02
   4.2926594e+04   2.2490000e+01   2.0856903e+02
   4.2926595e+04   2.2470000e+01   1.8067479e+02
   4.2926595e+04   2.2460000e+01   2.0528597e+02
   4.2926596e+04   2.2460000e+01   2.1160486e+02
   4.2926596e+04   2.2500000e+01   2.2246629e+02
   4.2926601e+04   2.2370000e+01   2.2497903e+02
   4.2926601e+04   2.2410000e+01   2.2652914e+02
   4.2926602e+04   2.2470000e+01   1.8620390e+02
   4.2926602e+04   2.2480000e+01   2.3024605e+02
   4.2926602e+04   2.2540000e+01   2.1619621e+02
   4.2926603e+04   2.2560000e+01   2.0677160e+02
   4.2926603e+04   2.2530000e+01   1.7802738e+02
   4.2926604e+04   2.2470000e+01   2.0266405e+02
   4.2926604e+04   2.2520000e+01   2.1081571e+02
   4.2926605e+04   2.2510000e+01   2.2384338e+02
   4.2926609e+04   2.2260000e+01   2.2571762e+02
   4.2926609e+04   2.2370000e+01   2.2540691e+02
   4.2926610e+04   2.2370000e+01   1.8407223e+02
   4.2926610e+04   2.2430000e+01   2.2872396e+02
   4.2926611e+04   2.2560000e+01   2.1504226e+02
   4.2926611e+04   2.2560000e+01   2.0448347e+02
   4.2926612e+04   2.2590000e+01   1.7592696e+02
   4.2926612e+04   2.2590000e+01   2.0269291e+02
   4.2926613e+04   2.2580000e+01   2.0866420e+02
   4.2926613e+04   2.2600000e+01   2.2283629e+02
   4.2926618e+04   2.2330000e+01   2.2410160e+02
   4.2926619e+04   2.2400000e+01   2.2513184e+02
   4.2926619e+04   2.2420000e+01   1.8062187e+02
   4.2926620e+04   2.2480000e+01   2.2888472e+02
   4.2926620e+04   2.2500000e+01   2.1578855e+02
   4.2926621e+04   2.2560000e+01   2.0480566e+02
   4.2926622e+04   2.2520000e+01   1.7407462e+02
   4.2926622e+04   2.2570000e+01   2.0163044e+02
   4.2926623e+04   2.2480000e+01   2.0719749e+02
   4.2926623e+04   2.2570000e+01   2.2173683e+02
   4.2926627e+04   2.2400000e+01   2.2294234e+02
   4.2926628e+04   2.2490000e+01   2.2669078e+02
   4.2926628e+04   2.2520000e+01   1.7866772e+02
   4.2926628e+04   2.2520000e+01   2.2836691e+02
   4.2926629e+04   2.2530000e+01   2.1615510e+02
   4.2926629e+04   2.2550000e+01   2.0433262e+02
   4.2926630e+04   2.2590000e+01   1.7076553e+02
   4.2926630e+04   2.2610000e+01   2.0053366e+02
   4.2926631e+04   2.2570000e+01   2.0575660e+02
   4.2926631e+04   2.2670000e+01   2.2153802e+02
   4.2926635e+04   2.2440000e+01   2.2229213e+02
   4.2926636e+04   2.2440000e+01   2.2520052e+02
   4.2926636e+04   2.2480000e+01   1.7593902e+02
   4.2926637e+04   2.2460000e+01   2.2774808e+02
   4.2926637e+04   2.2410000e+01   2.1576569e+02
   4.2926638e+04   2.2420000e+01   2.0182909e+02
   4.2926638e+04   2.2430000e+01   1.6593852e+02
   4.2926639e+04   2.2420000e+01   2.0007190e+02
   4.2926639e+04   2.2330000e+01   2.0670673e+02
   4.2926640e+04   2.2390000e+01   2.2207769e+02
   4.2926643e+04   2.2180000e+01   2.2235931e+02
   4.2926643e+04   2.2120000e+01   2.2574972e+02
   4.2926644e+04   2.2170000e+01   1.7295907e+02
   4.2926645e+04   2.2250000e+01   2.2733176e+02
   4.2926645e+04   2.2280000e+01   2.1465544e+02
   4.2926645e+04   2.2300000e+01   1.9847698e+02
   4.2926646e+04   2.2280000e+01   1.6433416e+02
   4.2926646e+04   2.2180000e+01   1.9925991e+02
   4.2926647e+04   2.2240000e+01   2.0315413e+02
   4.2926647e+04   2.2240000e+01   2.2137702e+02
   4.2926651e+04   2.2100000e+01   2.1981413e+02
   4.2926651e+04   2.2050000e+01   2.2643174e+02
   4.2926651e+04   2.2110000e+01   1.7151528e+02
   4.2926652e+04   2.2100000e+01   2.2564145e+02
   4.2926652e+04   2.2160000e+01   2.1323865e+02
   4.2926653e+04   2.2160000e+01   2.0030728e+02
   4.2926653e+04   2.2180000e+01   1.6047764e+02
   4.2926654e+04   2.2250000e+01   1.9707206e+02
   4.2926654e+04   2.2300000e+01   1.9964556e+02
   4.2926655e+04   2.2230000e+01   2.1940260e+02
   4.2926658e+04   2.2060000e+01   2.1802456e+02
   4.2926659e+04   2.2050000e+01   2.2347097e+02
   4.2926659e+04   2.2060000e+01   1.6620857e+02
   4.2926660e+04   2.1980000e+01   2.2602066e+02
   4.2926660e+04   2.2040000e+01   2.1278825e+02
   4.2926661e+04   2.2030000e+01   1.9639190e+02
   4.2926661e+04   2.2080000e+01   1.5546197e+02
   4.2926662e+04   2.2120000e+01   1.9623175e+02
   4.2926662e+04   2.2060000e+01   1.9940687e+02
   4.2926662e+04   2.2030000e+01   2.1942186e+02
   4.2926666e+04   2.2020000e+01   2.1564909e+02
   4.2926666e+04   2.2000000e+01   2.2264833e+02
   4.2926667e+04   2.2040000e+01   1.6263074e+02
   4.2926667e+04   2.2040000e+01   2.2347067e+02
   4.2926668e+04   2.2020000e+01   2.1095593e+02
   4.2926668e+04   2.2030000e+01   1.9283275e+02
   4.2926668e+04   2.2090000e+01   1.5269857e+02
   4.2926669e+04   2.2070000e+01   1.9559794e+02
   4.2926669e+04   2.2070000e+01   1.9629472e+02
   4.2926670e+04   2.2120000e+01   2.1847480e+02
   4.2926673e+04   2.2010000e+01   2.1575041e+02
   4.2926673e+04   2.1940000e+01   2.2178901e+02
   4.2926674e+04   2.1980000e+01   1.6101521e+02
   4.2926674e+04   2.1950000e+01   2.2271086e+02
   4.2926675e+04   2.1990000e+01   2.1080179e+02
   4.2926675e+04   2.1880000e+01   1.9267475e+02
   4.2926676e+04   2.1940000e+01   1.4813602e+02
   4.2926676e+04   2.1940000e+01   1.9585600e+02
   4.2926677e+04   2.2010000e+01   1.9472139e+02
   4.2926677e+04   2.1980000e+01   2.1727168e+02
   4.2926681e+04   2.1980000e+01   2.1480639e+02
   4.2926682e+04   2.1970000e+01   2.2008368e+02
   4.2926682e+04   2.1980000e+01   1.5775651e+02
   4.2926682e+04   2.1970000e+01   2.2218651e+02
   4.2926683e+04   2.1970000e+01   2.1107801e+02
   4.2926684e+04   2.2000000e+01   1.9002990e+02
   4.2926684e+04   2.1940000e+01   1.4431444e+02
   4.2926685e+04   2.2000000e+01   1.9368173e+02
   4.2926685e+04   2.1960000e+01   1.9265599e+02
   4.2926685e+04   2.1930000e+01   2.1619882e+02
   4.2926688e+04   2.1840000e+01   2.1497665e+02
   4.2926689e+04   2.1830000e+01   2.1981894e+02
   4.2926689e+04   2.1840000e+01   1.5597713e+02
   4.2926690e+04   2.1840000e+01   2.2231299e+02
   4.2926690e+04   2.1850000e+01   2.1013282e+02
   4.2926690e+04   2.1840000e+01   1.9048265e+02
   4.2926691e+04   2.1780000e+01   1.4030662e+02
   4.2926691e+04   2.1860000e+01   1.9450661e+02
   4.2926692e+04   2.1840000e+01   1.9422881e+02
   4.2926692e+04   2.1900000e+01   2.1697039e+02
   4.2926695e+04   2.1710000e+01   2.1498858e+02
   4.2926695e+04   2.1830000e+01   2.2077078e+02
   4.2926696e+04   2.1820000e+01   1.5516427e+02
   4.2926697e+04   2.1850000e+01   2.2277413e+02
   4.2926697e+04   2.1930000e+01   2.0911322e+02
   4.2926698e+04   2.2020000e+01   1.8677756e+02
   4.2926698e+04   2.1990000e+01   1.3580357e+02
   4.2926699e+04   2.1970000e+01   1.9213030e+02
   4.2926699e+04   2.2000000e+01   1.9283935e+02
   4.2926699e+04   2.1930000e+01   2.1619882e+02
   4.2926703e+04   2.1850000e+01   2.1433525e+02
   4.2926703e+04   2.1890000e+01   2.1965170e+02
   4.2926704e+04   2.1990000e+01   1.5134861e+02
   4.2926704e+04   2.1960000e+01   2.2237510e+02
   4.2926704e+04   2.2010000e+01   2.0835022e+02
   4.2926705e+04   2.2060000e+01   1.8414877e+02
   4.2926705e+04   2.2070000e+01   1.3169261e+02
   4.2926706e+04   2.2060000e+01   1.9230192e+02
   4.2926706e+04   2.2050000e+01   1.9221688e+02
   4.2926707e+04   2.2000000e+01   2.1438444e+02
   4.2926710e+04   2.1760000e+01   2.1269455e+02
   4.2926710e+04   2.1830000e+01   2.2035629e+02
   4.2926711e+04   2.1860000e+01   1.5098645e+02
   4.2926711e+04   2.1830000e+01   2.2216668e+02
   4.2926711e+04   2.1880000e+01   2.1010983e+02
   4.2926712e+04   2.1910000e+01   1.8458738e+02
   4.2926712e+04   2.1870000e+01   1.2821886e+02
   4.2926713e+04   2.1990000e+01   1.9389520e+02
   4.2926713e+04   2.1990000e+01   1.9259676e+02
   4.2926714e+04   2.2030000e+01   2.1688352e+02
   4.2926718e+04   2.1800000e+01   2.1158637e+02
   4.2926719e+04   2.1890000e+01   2.1950738e+02
   4.2926719e+04   2.1930000e+01   1.4692494e+02
   4.2926719e+04   2.1950000e+01   2.2099676e+02
   4.2926720e+04   2.1910000e+01   2.0872855e+02
   4.2926720e+04   2.2000000e+01   1.8474466e+02
   4.2926721e+04   2.2040000e+01   1.2451956e+02
   4.2926721e+04   2.2060000e+01   1.9122386e+02
   4.2926722e+04   2.2050000e+01   1.9188591e+02
   4.2926722e+04   2.2060000e+01   2.1394125e+02
   4.2926727e+04   2.1880000e+01   2.0979838e+02
   4.2926728e+04   2.1910000e+01   2.1811086e+02
   4.2926728e+04   2.1960000e+01   1.4377622e+02
   4.2926729e+04   2.1920000e+01   2.2008462e+02
   4.2926729e+04   2.1870000e+01   2.0910099e+02
   4.2926729e+04   2.1880000e+01   1.8120689e+02
   4.2926730e+04   2.1850000e+01   1.1972122e+02
   4.2926730e+04   2.1920000e+01   1.9034181e+02
   4.2926731e+04   2.1930000e+01   1.9167022e+02
   4.2926731e+04   2.1930000e+01   2.1494997e+02
   4.2926733e+04   2.1980000e+01   2.0723829e+02
   4.2926734e+04   2.2020000e+01   2.1739252e+02
   4.2926734e+04   2.2030000e+01   1.4145667e+02
   4.2926735e+04   2.1960000e+01   2.1960860e+02
   4.2926735e+04   2.1980000e+01   2.0637826e+02
   4.2926735e+04   2.1930000e+01   1.7841710e+02
   4.2926736e+04   2.1920000e+01   1.1685205e+02
   4.2926736e+04   2.1950000e+01   1.9014518e+02
   4.2926737e+04   2.1920000e+01   1.9222910e+02
   4.2926737e+04   2.1910000e+01   2.1401092e+02
   4.2926741e+04   2.1860000e+01   2.0698615e+02
   4.2926741e+04   2.1830000e+01   2.1770669e+02
   4.2926741e+04   2.1890000e+01   1.3995914e+02
   4.2926742e+04   2.1860000e+01   2.1934372e+02
   4.2926742e+04   2.1930000e+01   2.0657549e+02
   4.2926743e+04   2.1940000e+01   1.7785895e+02
   4.2926743e+04   2.1960000e+01   1.1542818e+02
   4.2926744e+04   2.1990000e+01   1.8989491e+02
   4.2926744e+04   2.2000000e+01   1.9092610e+02
   4.2926744e+04   2.1980000e+01   2.1133230e+02
   4.2926748e+04   2.1920000e+01   2.0331002e+02
   4.2926748e+04   2.1930000e+01   2.1599677e+02
   4.2926748e+04   2.1890000e+01   1.3693534e+02
   4.2926749e+04   2.1900000e+01   2.1703132e+02
   4.2926749e+04   2.1810000e+01   2.0714637e+02
   4.2926750e+04   2.1820000e+01   1.7605907e+02
   4.2926750e+04   2.1850000e+01   1.1293315e+02
   4.2926751e+04   2.1850000e+01   1.8939939e+02
   4.2926751e+04   2.1810000e+01   1.9147464e+02
   4.2926752e+04   2.1790000e+01   2.1096012e+02
   4.2926754e+04   2.1770000e+01   2.0352266e+02
   4.2926755e+04   2.1850000e+01   2.1630485e+02
   4.2926755e+04   2.1850000e+01   1.3412807e+02
   4.2926756e+04   2.1890000e+01   2.1780542e+02
   4.2926756e+04   2.1820000e+01   2.0431992e+02
   4.2926757e+04   2.1830000e+01   1.7588396e+02
   4.2926757e+04   2.1760000e+01   1.1170919e+02
   4.2926757e+04   2.1810000e+01   1.9007802e+02
   4.2926758e+04   2.1790000e+01   1.9016921e+02
   4.2926758e+04   2.1810000e+01   2.1097729e+02
   4.2926762e+04   2.1760000e+01   2.0133372e+02
   4.2926762e+04   2.1820000e+01   2.1391890e+02
   4.2926763e+04   2.1790000e+01   1.3175088e+02
   4.2926763e+04   2.1810000e+01   2.1628750e+02
   4.2926764e+04   2.1770000e+01   2.0352266e+02
   4.2926764e+04   2.1740000e+01   1.7249463e+02
   4.2926765e+04   2.1850000e+01   1.0943256e+02
   4.2926765e+04   2.1820000e+01   1.8899780e+02
   4.2926766e+04   2.1820000e+01   1.8915127e+02
   4.2926766e+04   2.1740000e+01   2.1077093e+02
   4.2926770e+04   2.1750000e+01   2.0019664e+02
   4.2926770e+04   2.1720000e+01   2.1319401e+02
   4.2926770e+04   2.1800000e+01   1.2932440e+02
   4.2926771e+04   2.1790000e+01   2.1518150e+02
   4.2926771e+04   2.1820000e+01   2.0228417e+02
   4.2926772e+04   2.1770000e+01   1.7003815e+02
   4.2926772e+04   2.1750000e+01   1.0874953e+02
   4.2926773e+04   2.1700000e+01   1.8961157e+02
   4.2926773e+04   2.1670000e+01   1.8979120e+02
   4.2926774e+04   2.1740000e+01   2.0888649e+02
   4.2926778e+04   2.1730000e+01   1.9567202e+02
   4.2926778e+04   2.1800000e+01   2.1274949e+02
   4.2926779e+04   2.1820000e+01   1.2679322e+02
   4.2926779e+04   2.1840000e+01   2.1461604e+02
   4.2926779e+04   2.1840000e+01   2.0128135e+02
   4.2926780e+04   2.1770000e+01   1.6905387e+02
   4.2926780e+04   2.1850000e+01   1.0677007e+02
   4.2926781e+04   2.1810000e+01   1.8559646e+02
   4.2926782e+04   2.1780000e+01   1.8788830e+02
   4.2926782e+04   2.1750000e+01   2.0725118e+02
   4.2926785e+04   2.1710000e+01   1.9519749e+02
   4.2926786e+04   2.1750000e+01   2.1118047e+02
   4.2926786e+04   2.1710000e+01   1.2455314e+02
   4.2926787e+04   2.1760000e+01   2.1309041e+02
   4.2926787e+04   2.1770000e+01   2.0155317e+02
   4.2926788e+04   2.1720000e+01   1.6654050e+02
   4.2926788e+04   2.1740000e+01   1.0599420e+02
   4.2926789e+04   2.1750000e+01   1.8675125e+02
   4.2926789e+04   2.1740000e+01   1.8752819e+02
   4.2926790e+04   2.1700000e+01   2.0775710e+02
